0,0.9990234375
1,0.998046875
2,0.9990234375
3,0.9990234375
4,0.9990234375
5,0.9970703125
6,0.998046875
7,0.998046875
8,0.9990234375
9,0.9990234375
10,1.0
11,1.0
12,0.9990234375
13,0.9990234375
14,0.9990234375
15,1.0
16,0.9990234375
17,0.998046875
18,0.9990234375
19,1.0
20,0.9970703125
21,0.9990234375
22,1.0
23,1.0
24,0.998046875
25,0.9970703125
26,0.9990234375
27,0.9990234375
28,1.0
29,0.9990234375
30,1.0
31,1.0
32,1.0
33,1.0
34,1.0
35,0.9990234375
36,1.0
37,1.0
38,0.9990234375
39,0.998046875
40,0.9990234375
41,0.9990234375
42,0.998046875
43,0.998046875
44,0.9990234375
45,0.9970703125
46,0.9970703125
47,0.998046875
48,0.9990234375
49,0.9990234375
50,0.9990234375
51,0.9990234375
52,0.9970703125
53,0.998046875
54,0.998046875
55,0.9990234375
56,1.0
57,0.99609375
58,0.9951171875
59,0.9990234375
60,0.9970703125
61,0.9990234375
62,0.9990234375
63,0.9990234375
64,0.9990234375
65,0.9990234375
66,0.9990234375
67,1.0
68,0.9990234375
69,0.998046875
70,0.9990234375
71,0.9970703125
72,0.9990234375
73,0.9990234375
74,1.0
75,0.9970703125
76,0.9970703125
77,0.9970703125
78,0.998046875
79,1.0
80,0.9990234375
81,0.998046875
82,0.998046875
83,1.0
84,0.9990234375
85,1.0
86,0.9990234375
87,0.9970703125
88,0.9970703125
89,0.9970703125
90,0.99609375
91,0.9990234375
92,0.99609375
93,0.998046875
94,0.9990234375
95,0.998046875
96,0.9990234375
97,0.998046875
98,0.9970703125
99,0.998046875
100,0.9990234375
101,0.9990234375
102,0.9990234375
103,0.9990234375
104,0.9990234375
105,1.0
106,0.998046875
107,0.998046875
108,0.998046875
109,0.9990234375
110,0.9990234375
111,0.9990234375
112,1.0
113,0.9990234375
114,0.998046875
115,1.0
116,0.9990234375
117,0.9990234375
118,0.998046875
119,0.99609375
120,0.99609375
121,0.99609375
122,0.9970703125
123,0.998046875
124,0.9970703125
125,0.998046875
126,0.9990234375
127,1.0
128,0.9990234375
129,1.0
130,0.99609375
131,0.9951171875
132,0.998046875
133,0.9990234375
134,0.9970703125
135,1.0
136,0.9990234375
137,0.998046875
138,0.998046875
139,0.9990234375
140,0.9990234375
141,0.998046875
142,0.9990234375
143,0.99609375
144,0.9970703125
145,0.998046875
146,0.9990234375
147,0.99609375
148,0.9970703125
149,0.9990234375
150,0.998046875
151,0.998046875
152,0.998046875
153,0.9990234375
154,1.0
155,1.0
156,0.9990234375
157,1.0
158,0.9990234375
159,0.9990234375
160,0.998046875
161,0.9990234375
162,0.9990234375
163,0.9990234375
164,0.9990234375
165,0.9990234375
166,0.998046875
167,0.998046875
168,1.0
169,1.0
170,0.9990234375
171,0.998046875
172,0.9970703125
173,0.998046875
174,0.9970703125
175,0.9970703125
176,1.0
177,0.9990234375
178,0.99609375
179,1.0
180,0.998046875
181,0.998046875
182,0.998046875
183,1.0
184,1.0
185,1.0
186,1.0
187,1.0
188,1.0
189,0.9970703125
190,0.998046875
191,0.9990234375
192,0.9990234375
193,1.0
194,0.9990234375
195,0.9990234375
196,0.9990234375
197,1.0
198,0.9990234375
199,1.0
200,1.0
201,1.0
202,0.998046875
203,0.998046875
204,0.998046875
205,1.0
206,0.9990234375
207,1.0
208,0.9990234375
209,1.0
210,1.0
211,1.0
212,1.0
213,1.0
214,1.0
215,1.0
216,1.0
217,1.0
218,1.0
219,0.9990234375
220,0.9990234375
221,1.0
222,0.9990234375
223,0.9990234375
224,0.9990234375
225,1.0
226,1.0
227,1.0
228,1.0
229,0.9990234375
230,0.998046875
231,1.0
232,0.9970703125
233,0.998046875
234,0.9990234375
235,1.0
236,0.9990234375
237,0.9990234375
238,0.998046875
239,0.9990234375
240,0.998046875
241,1.0
242,0.9990234375
243,1.0
244,0.9990234375
245,1.0
246,0.998046875
247,0.998046875
248,1.0
249,0.9990234375
250,1.0
251,0.9990234375
252,1.0
253,1.0
254,0.9990234375
255,1.0
256,1.0
257,1.0
258,0.9990234375
259,0.9990234375
260,0.9990234375
261,0.998046875
262,0.9990234375
263,0.998046875
264,0.9990234375
265,0.998046875
266,1.0
267,0.9990234375
268,0.9990234375
269,0.9990234375
270,0.9990234375
271,0.9990234375
272,1.0
273,0.9990234375
274,0.9990234375
275,0.9990234375
276,0.9990234375
277,1.0
278,0.9990234375
279,1.0
280,1.0
281,1.0
282,0.998046875
283,0.9990234375
284,1.0
285,0.9990234375
286,1.0
287,1.0
288,1.0
289,0.9990234375
290,1.0
291,1.0
292,1.0
293,1.0
294,1.0
295,0.9990234375
296,0.9990234375
297,1.0
298,1.0
299,1.0
300,0.9990234375
301,0.9990234375
302,1.0
303,1.0
304,1.0
305,1.0
306,1.0
307,0.9990234375
308,0.9990234375
309,0.9990234375
310,0.9990234375
311,1.0
312,1.0
313,1.0
314,1.0
315,0.9990234375
316,1.0
317,1.0
318,1.0
319,1.0
320,1.0
321,1.0
322,0.9990234375
323,0.9990234375
324,1.0
325,0.9990234375
326,1.0
327,0.9990234375
328,1.0
329,1.0
330,1.0
331,1.0
332,0.9990234375
333,1.0
334,0.9990234375
335,1.0
336,0.9990234375
337,0.9990234375
338,1.0
339,0.9990234375
340,0.9990234375
341,0.9990234375
342,0.998046875
343,0.9990234375
344,0.998046875
345,1.0
346,0.9990234375
347,0.9990234375
348,1.0
349,1.0
350,1.0
351,1.0
352,1.0
353,1.0
354,0.9990234375
355,1.0
356,0.9990234375
357,0.9990234375
358,1.0
359,1.0
360,1.0
361,0.9990234375
362,0.9990234375
363,1.0
364,1.0
365,0.9990234375
366,0.9990234375
367,1.0
368,1.0
369,0.9990234375
370,1.0
371,0.998046875
372,0.9990234375
373,1.0
374,0.9990234375
375,1.0
376,0.9990234375
377,0.998046875
378,1.0
379,1.0
380,0.9990234375
381,0.9990234375
382,0.9990234375
383,0.9990234375
384,0.9990234375
385,0.9990234375
386,1.0
387,0.9990234375
388,1.0
389,0.9990234375
390,0.9970703125
391,0.998046875
392,0.998046875
393,1.0
394,1.0
395,0.9990234375
396,0.9990234375
397,1.0
398,0.9990234375
399,0.9990234375
400,1.0
401,1.0
402,1.0
403,1.0
404,0.994140625
405,0.998046875
406,0.9990234375
407,0.9990234375
408,0.998046875
409,1.0
410,0.9990234375
411,0.9990234375
412,1.0
413,0.9990234375
414,0.99609375
415,0.998046875
416,0.998046875
417,1.0
418,0.99609375
419,1.0
420,0.998046875
421,0.9990234375
422,1.0
423,0.9990234375
424,0.9990234375
425,0.9990234375
426,0.9990234375
427,1.0
428,1.0
429,0.9970703125
430,0.998046875
431,0.9970703125
432,1.0
433,0.998046875
434,0.9990234375
435,0.998046875
436,0.998046875
437,0.998046875
438,0.9970703125
439,0.998046875
440,0.998046875
441,0.998046875
442,0.9970703125
443,0.998046875
444,0.998046875
445,1.0
446,0.9990234375
447,0.9990234375
448,0.9990234375
449,0.9990234375
450,0.99609375
451,0.998046875
452,0.99609375
453,0.99609375
454,0.9970703125
455,0.9990234375
456,0.998046875
457,0.9990234375
458,0.9990234375
459,0.9970703125
460,0.9970703125
461,0.9970703125
462,0.998046875
463,0.9990234375
464,0.998046875
465,0.9990234375
466,0.9970703125
467,0.998046875
468,0.998046875
469,0.9970703125
470,0.998046875
471,0.9990234375
472,0.998046875
473,1.0
474,1.0
475,0.998046875
476,1.0
477,1.0
478,1.0
479,1.0
480,0.9990234375
481,1.0
482,0.9990234375
483,1.0
484,1.0
485,0.9990234375
486,0.998046875
487,1.0
488,0.9990234375
489,0.9990234375
490,0.9990234375
491,1.0
492,1.0
493,1.0
494,1.0
495,1.0
496,0.9990234375
497,0.9990234375
498,1.0
499,1.0
500,0.998046875
501,0.9990234375
502,0.9990234375
503,0.9990234375
504,0.998046875
505,0.9970703125
506,0.9970703125
507,1.0
508,1.0
509,1.0
510,1.0
511,0.9990234375
512,0.9990234375
513,1.0
514,0.9990234375
515,0.998046875
516,1.0
517,1.0
518,1.0
519,1.0
520,0.9990234375
521,0.9990234375
522,0.998046875
523,0.998046875
524,0.998046875
525,1.0
526,1.0
527,0.998046875
528,1.0
529,1.0
530,1.0
531,1.0
532,1.0
533,0.9990234375
534,1.0
535,1.0
536,1.0
537,1.0
538,1.0
539,1.0
540,0.9990234375
541,0.9990234375
542,0.9990234375
543,0.998046875
544,0.998046875
545,0.998046875
546,0.9970703125
547,0.9990234375
548,0.9990234375
549,1.0
550,1.0
551,1.0
552,1.0
553,1.0
554,1.0
555,1.0
556,0.9990234375
557,0.998046875
558,0.998046875
559,0.9990234375
560,1.0
561,1.0
562,1.0
563,1.0
564,1.0
565,1.0
566,1.0
567,0.9990234375
568,0.9990234375
569,1.0
570,0.9970703125
571,1.0
572,0.9990234375
573,1.0
574,0.998046875
575,0.9990234375
576,1.0
577,1.0
578,0.9990234375
579,1.0
580,1.0
581,0.9990234375
582,0.9990234375
583,1.0
584,0.9990234375
585,0.9990234375
586,1.0
587,1.0
588,0.998046875
589,0.998046875
590,0.9990234375
591,0.9990234375
592,1.0
593,1.0
594,1.0
595,1.0
596,0.9990234375
597,0.9990234375
598,0.9990234375
599,1.0
600,0.9990234375
601,1.0
602,0.9990234375
603,1.0
604,1.0
605,1.0
606,1.0
607,1.0
608,1.0
609,1.0
610,1.0
611,1.0
612,1.0
613,1.0
614,1.0
615,1.0
616,1.0
617,1.0
618,1.0
619,0.9990234375
620,0.998046875
621,0.9970703125
622,1.0
623,0.9990234375
624,0.9990234375
625,0.9990234375
626,0.998046875
627,0.998046875
628,0.9990234375
629,1.0
630,0.9990234375
631,0.9990234375
632,0.9990234375
633,0.9990234375
634,0.9990234375
635,0.9990234375
636,1.0
637,0.990234375
638,0.9921875
639,0.9970703125
640,0.998046875
641,1.0
642,1.0
643,1.0
644,1.0
645,1.0
646,1.0
647,1.0
648,1.0
649,1.0
650,1.0
651,1.0
652,1.0
653,0.998046875
654,0.998046875
655,0.9990234375
656,0.9990234375
657,0.9990234375
658,0.9990234375
659,0.9990234375
660,0.9990234375
661,0.9990234375
662,0.9990234375
663,0.9990234375
664,1.0
665,1.0
666,1.0
667,1.0
668,0.9990234375
669,0.998046875
670,0.9970703125
671,0.998046875
672,0.9990234375
673,0.9970703125
674,0.9970703125
675,1.0
676,0.9990234375
677,0.9990234375
678,0.9990234375
679,1.0
680,1.0
681,1.0
682,1.0
683,0.998046875
684,0.9990234375
685,0.9990234375
686,1.0
687,1.0
688,1.0
689,1.0
690,0.9990234375
691,1.0
692,0.998046875
693,1.0
694,0.998046875
695,0.9970703125
696,0.9970703125
697,0.9990234375
698,1.0
699,1.0
700,0.9990234375
701,0.998046875
702,1.0
703,1.0
704,1.0
705,0.9990234375
706,0.994140625
707,0.994140625
708,0.998046875
709,0.998046875
710,0.9990234375
711,0.998046875
712,1.0
713,1.0
714,1.0
715,1.0
716,1.0
717,1.0
718,1.0
719,0.9990234375
720,1.0
721,0.998046875
722,1.0
723,1.0
724,0.9990234375
725,0.9990234375
726,0.9990234375
727,0.9990234375
728,0.9990234375
729,0.9990234375
730,0.9951171875
731,0.9970703125
