10,109,
28,177,199,319,
1,4,8,11,12,18,27,35,39,42,43,46,56,59,62,65,66,71,75,80,81,86,88,90,92,94,99,103,105,107,108,117,124,128,131,132,134,139,143,145,150,156,164,165,171,175,176,178,182,183,184,188,192,195,212,216,226,231,241,245,246,249,251,254,260,263,271,275,278,286,287,288,290,293,295,299,300,302,303,304,309,312,314,
298,
160,
3,14,20,23,25,26,30,31,32,40,55,58,63,67,70,77,78,79,82,83,84,85,89,97,102,111,114,115,116,123,129,130,137,140,146,149,152,166,170,172,191,197,201,207,211,215,217,219,220,225,228,233,234,238,239,240,253,255,257,262,264,265,267,272,273,283,285,291,294,305,306,317,318,
37,47,186,
93,174,227,256,
0,2,45,53,60,61,64,68,73,87,122,142,151,167,180,190,200,203,204,205,213,214,250,268,270,274,284,289,296,310,
9,22,41,49,51,91,101,138,163,173,179,185,243,248,258,266,
6,7,17,24,33,34,52,95,98,127,133,144,153,168,198,202,206,209,210,218,221,229,230,237,280,292,297,313,315,316,
13,15,19,21,36,38,44,50,54,57,69,72,76,96,100,104,106,112,119,120,121,125,126,135,136,147,154,155,157,158,159,162,169,189,193,194,196,222,232,235,242,244,252,261,269,281,282,308,
16,
110,118,208,
141,223,
29,74,224,277,
259,301,
148,181,187,247,
279,
5,48,161,236,276,307,311,
113,
