319,
1,66,
189,
177,197,
255,257,
245,262,
183,271,
97,191,
28,160,
139,269,
67,229,
70,93,
0,44,
94,232,
29,173,
39,159,
237,318,
92,99,216,299,
149,253,
145,279,
11,117,
122,305,
167,
218,300,
176,287,
38,90,
230,276,
103,107,
87,250,
60,240,
45,
8,219,
178,292,
64,205,
59,312,
20,
182,313,
282,
146,293,
272,
129,166,
31,111,170,285,
125,244,
10,
4,27,
12,156,
2,284,
61,274,
62,108,
150,187,
235,
249,286,
9,22,91,161,
16,106,
141,252,
95,104,
121,140,
184,280,
32,283,
36,110,
246,
115,
81,
151,180,
130,207,
5,119,
148,
19,157,
137,
72,206,
80,171,
65,88,
118,254,
258,303,
266,
210,316,
113,194,
233,295,
195,
18,
79,228,
46,306,
135,
96,168,
51,
78,175,
25,147,
208,315,
14,310,
68,200,
15,
144,196,
17,169,
192,307,
123,
132,226,
155,242,
162,288,
225,277,
291,
41,
71,
30,58,
86,
21,
241,
214,297,
190,213,
128,320,
52,
212,275,
164,
134,217,
26,82,
56,
142,172,
204,209,
75,278,
55,89,
120,221,
163,179,
174,
84,321,
136,
186,
76,
273,
101,236,
6,48,
77,83,267,
13,98,
57,
112,
154,
34,323,
109,133,
138,
248,256,
33,308,
222,
188,
24,224,
47,227,
42,
203,223,
143,
124,231,
49,311,
114,215,
40,234,
126,153,
238,294,
63,239,
74,290,
54,
243,
247,
100,158,
251,
37,50,
201,
211,317,
259,
260,
261,
263,
265,
185,
304,314,
220,
3,23,
127,198,
85,270,
131,
105,281,
7,
102,116,
202,
296,
53,268,
298,
193,199,
301,
302,
43,152,
73,
309,
165,
289,
69,
35,181,
264,
322,
