12,130,167,
4,164,
180,
55,
29,
23,
217,
230,286,
120,
91,256,
10,
281,
108,
94,96,
197,
19,
106,
168,177,
188,
37,159,
140,
21,
161,
3,
28,
102,
220,
1,
44,
75,
60,285,
58,283,
68,
244,
13,
110,169,
121,
34,
77,133,
41,
42,
43,
205,
109,
47,
115,
9,101,
194,
174,
52,
268,284,
54,
30,
39,
57,
137,
156,
64,
59,
14,
176,
278,
5,
2,45,87,
61,
97,
78,
157,
53,
246,
103,
24,
267,
99,
126,
171,
81,
31,85,111,
80,
262,
86,
209,
65,
294,
90,
216,
318,
181,
144,
8,16,17,36,
175,299,
100,
138,
305,
136,
206,
237,292,
18,178,
170,272,
33,
153,
146,
179,
11,117,
118,257,
104,
147,158,
306,
122,302,
123,
20,124,
113,
125,
95,127,280,
74,
225,
207,
196,
92,
83,234,252,
129,
135,
193,
139,263,
38,
40,
314,
249,
282,
50,201,
35,
148,
63,82,
266,
200,
152,195,
56,
154,
155,
295,312,
15,
76,
290,
239,
245,287,
165,189,
70,
271,
116,
22,49,
311,
88,
163,
224,319,
183,275,
182,
185,
186,
150,
212,
221,
0,
93,
187,
315,
258,
114,
198,
119,
279,
277,
223,
204,
72,
208,
7,210,
25,172,
214,
289,
160,
293,
199,
166,240,
264,
98,
222,
112,308,
215,
143,
227,
79,228,
238,
192,
231,
71,232,
190,213,
235,
173,
89,269,
26,
149,
241,
242,
243,
288,
247,
236,
132,
73,274,
251,
191,
320,
255,291,
254,
226,
259,
233,
261,
6,322,
51,265,
141,
32,211,
142,
219,
310,
203,
276,
134,
151,
131,
105,
69,
321,
62,
128,145,
253,
202,
296,
218,297,
298,
48,300,
301,
260,
67,303,
27,
46,
307,
250,
309,
248,
184,313,
66,107,304,
316,
229,317,
84,
273,
162,
270,
