278,
3,
5,
6,
7,
107,
317,
10,
11,
15,
98,
188,212,
244,
20,
21,
23,
24,
28,44,
4,27,
30,
129,146,
33,
19,37,159,
38,
39,
40,
41,
42,
43,
87,209,
46,
47,
48,
49,
51,
52,57,
54,
211,283,321,
56,
110,
89,294,
18,59,
62,
207,
2,180,
65,
67,
69,
25,70,
71,
157,
214,289,
74,
76,
77,
78,
79,
80,
81,
26,63,
83,
111,
14,149,
86,
29,164,287,314,
55,269,
90,
9,91,
0,
144,
96,205,
13,16,147,158,177,221,
99,175,
100,
101,
213,
105,
66,
109,
166,
197,
112,223,
113,
114,
115,
117,
118,
121,
122,
123,
124,
125,
126,
127,
128,
131,
133,
277,
135,
138,
139,
140,
141,
142,
132,143,
145,
148,
60,116,170,262,272,305,
150,
73,
152,
34,153,
154,
155,
12,156,295,312,
36,169,
160,
162,
163,
1,
165,
120,
171,275,
85,
173,
174,
88,176,
134,178,
179,
94,181,
182,
183,
8,184,
185,
186,
187,
95,189,
253,
192,
195,
196,
198,
119,136,193,199,
50,194,279,
202,293,
204,
72,206,
208,
210,
58,84,
190,
215,
108,299,
217,
218,
219,285,
130,220,
292,
222,
104,167,
224,
97,225,
226,
227,
228,
229,
230,
231,
232,
233,
234,
235,
161,311,
17,106,168,237,
238,
239,264,
31,82,
241,
242,
243,
246,
247,
248,
92,249,
251,
252,
137,
254,
255,
22,
201,257,
258,
259,
260,
261,
263,
265,
266,
267,
53,250,
191,
270,
271,
273,
203,
276,
75,103,
315,323,
280,
281,
282,
102,172,240,
32,93,
286,
245,
288,
290,
291,
296,
297,
298,
216,
300,
301,
302,
303,
35,304,
306,
307,
308,
309,
45,61,64,68,151,200,268,274,284,310,
236,256,
313,
316,
318,
319,
320,
322,
